100
100 1
100
10 3
20 3 15
413848 2
227203 396905
632408 5
69551 189418 237111 117965 347944
699605 5
159487 90107 67531 456993 475168
10 5
5 5 5 5 10
509993 5
4792 87274 551570 621388 953135
592389 1
833560
437648 5
153533 225124 129773 274936 330135
1 5
902157 669896 143712 710876 60930
797838 5
46080 41718 208731 286774 268062
728274 5
12922 37844 313035 600724 650602
362842 3
707155 141048 62285
694188 1
294478
1000000 5
604338 437480 35343 386459 532063
769272 2
198554 318920
188660 5
59376 220534 494302 917384 998708
8 5
1 1 1 1 1
671340 2
876780 14724
1000000 5
833462 422186 840098 293072 840695
5 5
126 185 94 143 21
1000000 5
704510 279922 940271 607721 845980
1000000 5
835866 110412 811160 204126 738604
410601 3
816683 418319 908129
474989 4
638870 669508 729669 874099
892292 1
555427
623825 1
996931
137240 5
895394 285766 794639 474030 207482
594755 5
733910 674092 506366 451411 120783
1 5
1000000 1000000 1000000 1000000 1000000
416155 1
519028
1000000 5
1000000 1000000 1000000 1000000 1000000
2 4
2 2 2 6
3 3
1 1 100
3 4
2 2 2 3
11 5
10 5 5 5 5
20779 5
339684 847834 207948 839417 168236
457978 3
415512 173402 532553
493032 2
384346 355080
890184 4
726510 242059 621717 168014
10 5
3 4 2 1 3
246657 4
669145 609834 805259 17935
1000000 1
999999
970380 1
690510
10 5
466 499 215 602 795
10 5
401 416 524 370 187
11 5
5 5 5 5 10
19190 5
459943 697821 41908 427705 818603
858917 2
114705 359067
154443 2
834912 930815
2 5
1 1 1 1 1
909448 4
195485 95873 889259 688516
825200 2
755421 397643
3 4
2 2 2 4
215181 1
441505
1000000 5
554902 715427 503195 974554 921403
989293 3
111041 548859 196155
591097 5
5372 296933 217208 251351 56326
955094 5
778988 656661 443871 243178 174633
463171 1
678403
1000000 5
1 1 1 1 1
855334 5
578767 838347 692974 989367 655029
976440 3
471542 800549 11819
395071 5
275384 111612 117502 330340 39886
618420 5
980488 781155 536808 385062 367926
690733 2
254680 718878
563279 5
830894 526646 517354 444992 377298
458799 5
837592 134137 289693 344362 264897
8 5
3 4 3 3 2
968183 5
240609 197490 497456 320239 240487
632467 5
790005 103827 76337 568993 278459
769262 3
863634 743178 293606
1 5
1 1 1 1 1
699444 5
698210 301097 162515 795955 639156
244338 5
812603 772686 580679 497529 239141
259764 3
819990 168575 950104
154696 1
955336
955506 4
171004 524345 4410 233263
761893 1
681296
964746 1
903361
620341 3
263274 778384 497120
43042 5
120964 347522 593205 652525 924914
4929 5
960148 846668 540257 315134 201
321405 3
795817 360629 126776
185065 5
734873 605352 805405 514499 900088
664989 3
560701 771915 576759
10 5
2 1 2 2 1
303875 4
293641 89643 413432 298570
2 5
327 156 162 321 223
728565 2
775069 969214
44488 1
173988
939045 1
344423
2 5
3 2 2 3 3
1000000 1
1000000
842175 5
236479 354077 478025 823276 970617
508671 3
424436 726033 507378
773052 4
949057 403138 74576 130397
958496 2
224800 717671
81647 1
527646
1 5
426 456 54 448 416
