100
6 2 0 2 0 2 0
3 1 0 2 0 0 0
6 2 0 1 1 2 0
4 0 0 2 0 0 2
4 0 2 0 0 2 0
4 2 0 1 0 1 0
6 2 0 2 1 0 1
379 31 108 50 31 110 49
8 2 1 1 1 2 1
999 167 166 167 166 167 166
311 64 88 4 63 89 3
144 3 8 63 0 10 60
4 0 1 0 1 2 0
7 0 2 2 0 2 1
437 204 3 12 204 4 10
7 2 1 0 1 2 1
6 3 0 0 0 3 0
1000 333 0 334 0 333 0
997 249 248 3 248 249 0
5 0 1 2 0 2 0
998 166 166 167 166 167 166
6 1 0 2 0 2 1
5 2 0 1 1 1 0
999 333 0 333 0 333 0
441 86 1 134 84 3 133
16 3 2 3 3 3 2
227 52 7 57 50 7 54
7 2 1 2 1 0 1
265 74 27 33 72 28 31
999 250 249 1 249 250 0
254 97 7 24 95 9 22
5 0 1 1 0 2 1
109 6 41 8 5 42 7
362 137 42 2 136 44 1
4 1 0 1 0 2 0
5 0 2 0 0 3 0
618 167 139 4 165 140 3
4 0 0 3 0 1 0
1000 499 0 0 0 501 0
145 13 56 5 10 57 4
4 0 0 2 0 1 1
7 1 1 3 0 2 0
14 3 2 3 2 3 1
274 73 0 161 0 40 0
466 17 109 107 16 111 106
8 1 1 2 1 2 1
685 265 0 288 0 132 0
815 130 130 148 130 132 145
1000 500 0 250 0 250 0
1000 250 0 250 249 2 249
968 663 0 129 0 176 0
9 2 0 2 1 3 1
433 184 2 32 181 5 29
113 18 2 36 18 5 34
497 3 233 12 2 235 12
13 3 1 3 1 3 2
176 20 5 63 20 5 63
3 1 0 1 0 1 0
982 31 224 237 29 226 235
8 2 1 2 1 1 1
15 3 2 3 2 3 2
982 259 163 71 257 164 68
886 42 231 171 40 233 169
1000 500 0 0 500 0 0
998 390 0 172 0 436 0
991 141 37 317 141 39 316
999 250 0 250 0 499 0
4 1 0 2 0 1 0
999 499 0 0 0 500 0
944 10 0 863 0 71 0
6 2 0 1 0 3 0
5 2 0 1 2 0 0
3 1 0 0 2 0 0
699 105 0 257 0 337 0
1000 0 0 500 0 500 0
5 1 0 3 0 1 0
1000 500 0 499 0 1 0
432 73 56 88 70 59 86
7 0 1 2 1 2 1
3 0 0 0 0 3 0
4 2 0 0 0 2 0
8 2 0 2 1 2 1
999 499 0 1 0 499 0
868 249 104 82 248 104 81
996 0 248 250 0 250 248
999 500 0 250 0 249 0
999 0 0 500 0 0 499
6 0 0 2 0 3 1
4 3 0 0 1 0 0
7 3 1 0 1 2 0
7 2 0 3 0 2 0
999 0 500 0 0 499 0
937 308 3 158 307 5 156
5 3 0 0 0 2 0
7 1 1 2 0 2 1
12 3 1 3 1 3 1
999 332 1 332 1 332 1
3 2 0 0 1 0 0
7 2 1 2 0 2 0
998 250 249 0 249 250 0
