99
6 2 0 2 0 2 0
3 1 0 2 0 0 0
547 201 0 194 0 152 0
224 85 0 39 0 100 0
982 435 0 367 0 180 0
504 53 0 246 0 205 0
754 342 0 57 0 355 0
4 2 0 0 0 2 0
193 26 0 95 0 72 0
121 38 0 33 0 50 0
167 21 0 80 0 66 0
520 118 0 195 0 207 0
613 15 0 597 0 1 0
749 137 0 289 0 323 0
210 84 0 49 0 77 0
6 1 0 3 0 2 0
161 74 0 27 0 60 0
873 420 0 399 0 54 0
999 333 0 333 0 333 0
536 76 0 236 0 224 0
1000 0 0 500 0 500 0
243 53 0 115 0 75 0
128 46 0 52 0 30 0
102 21 0 39 0 42 0
525 200 0 188 0 137 0
1000 499 0 0 0 501 0
135 66 0 6 0 63 0
779 186 0 300 0 293 0
328 83 0 89 0 156 0
4 1 0 2 0 1 0
945 890 0 55 0 0 0
619 20 0 309 0 290 0
203 86 0 65 0 52 0
753 237 0 251 0 265 0
495 66 0 203 0 226 0
989 290 0 467 0 232 0
1000 333 0 334 0 333 0
999 250 0 500 0 249 0
7 2 0 2 0 3 0
860 223 0 255 0 382 0
324 120 0 87 0 117 0
962 24 0 521 0 417 0
4 2 0 1 0 1 0
1000 500 0 250 0 250 0
587 306 0 276 0 5 0
735 293 0 367 0 75 0
638 172 0 185 0 281 0
174 2 0 113 0 59 0
720 345 0 264 0 111 0
176 70 0 83 0 23 0
999 499 0 250 0 250 0
493 212 0 134 0 147 0
333 49 0 152 0 132 0
739 27 0 10 0 702 0
598 233 0 262 0 103 0
718 120 0 333 0 265 0
4 1 0 1 0 2 0
369 38 0 173 0 158 0
186 161 0 12 0 13 0
628 158 0 256 0 214 0
999 499 0 1 0 499 0
933 331 0 358 0 244 0
568 141 0 187 0 240 0
569 424 0 82 0 63 0
3 3 0 0 0 0 0
621 185 0 294 0 142 0
569 255 0 60 0 254 0
3 1 0 1 0 1 0
4 0 0 1 0 3 0
462 226 0 182 0 54 0
460 194 0 124 0 142 0
5 1 0 2 0 2 0
576 283 0 36 0 257 0
448 221 0 137 0 90 0
879 324 0 284 0 271 0
424 202 0 86 0 136 0
800 342 0 69 0 389 0
76 35 0 30 0 11 0
4 2 0 2 0 0 0
567 147 0 157 0 263 0
239 41 0 93 0 105 0
748 353 0 273 0 122 0
394 147 0 81 0 166 0
910 231 0 282 0 397 0
771 156 0 290 0 325 0
5 1 0 3 0 1 0
999 0 0 499 0 500 0
317 117 0 92 0 108 0
342 125 0 84 0 133 0
718 265 0 124 0 329 0
407 198 0 130 0 79 0
360 97 0 129 0 134 0
1000 500 0 499 0 1 0
5 0 0 3 0 2 0
487 198 0 158 0 131 0
6 3 0 0 0 3 0
160 44 0 49 0 67 0
221 36 0 149 0 36 0
190 81 0 2 0 107 0
