100
2 1
100 20
200 10
2 2
100 20
200 10
3 2
100 10
100 10
100 10
4 2
9 3
7 1
10 1
8 4
2 1
300463 657500
211265 708182
9 5
97672 900105
299675 293368
356077 246899
682968 128725
249775 351977
496844 176947
116402 755271
285727 307689
495852 177301
6 4
835623 240346
455916 992207
841753 404537
500767 170007
413833 631453
236553 761763
2 1
848388 289994
253692 693091
8 6
460739 123619
420024 135602
187532 303714
86320 659825
167385 340270
106215 536234
350676 162418
64435 883931
9 3
28344 2275
209633 84
20980 2938
25861 2887
28941 2353
22849 2744
29402 2312
25551 2242
274106 27
9 6
171731 851248
334470 777427
592770 872016
637647 33032
221873 670233
735632 523561
741020 148449
809030 563539
269164 309343
8 3
3917 399181
3556 312934
17502 44
3667 323947
3531 332184
3757 323709
3292 339978
14387 72
3 2
60291 119288
45066 159588
31668 227106
2 1
298556 44368
33444 396075
8 6
25472 2291
215121 14
24626 2419
24354 2357
25753 2179
28502 2502
22244 2749
213166 10
5 1
25752 2049
259842 33
27425 2017
211097 65
26126 2600
5 3
3966 384633
17989 40
19568 25
3939 300351
3819 369936
7 3
23907 2338
24762 2084
26365 2774
275712 64
284317 45
21710 2766
27488 2288
9 5
970596 6734
60458 108108
703703 9288
278388 23478
9828 665038
373464 17501
246753 26488
25542 255892
22876 285714
8 5
11258 32
3536 366638
3976 361782
3578 393990
3299 306136
15527 47
3502 345070
3238 348728
10 5
26576 2218
215716 64
21564 2860
272796 66
28225 2099
245630 85
22831 2161
24264 2489
29519 2878
29119 2837
2 1
267965 74
24122 2872
2 1
349307 204403
178180 400715
10 6
27662 2858
23427 2911
25836 2240
23939 2253
25188 2082
299195 92
27159 2538
24264 2654
267104 100
294562 37
2 2
133988 252126
180728 186921
3 2
3848 398486
3600 361020
12352 82
8 3
25807 2126
20385 2347
26350 2132
254353 78
20314 2356
24530 2149
292556 3
21520 2246
9 5
24518 372708
514878 17748
29848 306153
649194 14076
468234 19516
9512 960687
64584 141491
525538 17388
72488 126063
5 3
3945 383757
10209 57
18718 60
3733 323323
3041 317378
9 5
30039 281736
88536 95589
9804 863226
75981 111384
228072 37107
13889 609336
777784 10881
105651 80104
75582 111972
8 4
633451 774226
962240 568908
902228 37406
720063 47017
209837 621237
343654 422998
641046 37753
793540 614045
3 2
209496 121923
28014 911772
69426 367908
8 3
408712 402917
767537 131836
483435 383932
201101 384724
79963 596164
820688 810558
386194 77162
823776 96547
2 1
327045 38124
90860 137225
5 3
10154 54
3128 334357
10412 25
3025 381558
3326 350603
9 3
554309 125916
326197 213970
119012 586465
151788 459828
127478 547517
75023 930333
241393 289140
79875 873820
783129 89125
9 6
541142 660300
934162 763280
597341 234847
123164 417011
526720 397552
194679 479442
982476 853134
603470 170317
811126 751991
9 2
811498 63961
305738 169767
98256 528255
353571 146800
111442 465751
66037 785987
117857 440400
498729 104073
234780 221076
9 5
658674 28644
329406 57276
219558 85932
357588 52762
410564 45954
22792 827793
35002 539028
369334 51084
142968 131967
10 5
260935 121314
103991 304402
59677 530440
571773 55363
326314 97008
60603 522335
582816 54314
108462 291854
78041 405621
314957 100506
10 5
262406 113713
684448 696089
732730 923247
748634 966497
202196 190183
56691 441359
9137 516411
768686 674510
344967 377043
468626 472254
5 1
26943 2729
28525 2950
260322 47
260049 9
22842 2891
2 1
182404 81420
43896 338330
4 3
46683 109736
9918 516516
26187 195624
67338 76076
2 1
106398 627403
569577 117200
1 1
1 1
9 5
15249 801864
907902 13468
231426 52836
40404 302634
267288 45747
108188 113022
513162 23828
343434 35604
28152 434343
10 10
1000000 1000000
1000000 1000000
1000000 1000000
1000000 1000000
1000000 1000000
1000000 1000000
1000000 1000000
1000000 1000000
1000000 1000000
1000000 1000000
10 6
846632 48420
423666 96760
47990 854218
178395 229793
686930 59677
41645 984366
230979 177479
45176 907427
995288 41188
49835 822593
4 1
41085 364209
194877 242238
902306 99249
877938 577547
9 5
77367 296856
193192 118881
122094 188108
44268 518814
103156 222642
28458 807044
66402 345876
52836 434682
320292 71706
2 1
662342 40099
702581 282949
5 1
18396 14
3162 300065
3781 306665
3960 327285
15969 60
9 3
65587 253276
326886 232187
38408 346164
969855 290586
82466 121088
860477 711756
392353 295752
344599 469928
98028 646053
2 1
25084 2225
277512 31
10 6
81396 164082
20349 656328
150552 88711
29716 449442
60639 220248
834309 16008
59508 224434
39729 336168
393414 33948
14616 913767
4 3
42066 453908
21812 875394
89784 212667
803928 23751
7 3
25396 2070
28493 2831
28485 2005
256270 7
284903 41
25115 2797
22693 2224
8 5
409940 150579
218069 283068
214871 287281
360386 171284
90022 685703
247915 248990
113371 544481
212665 290261
6 2
3661 357202
3243 328071
3418 332299
14391 95
16896 14
3622 349083
5 2
17609 36
3094 321874
19685 31
3964 315257
3067 334036
10 6
393280 858599
681665 701609
411076 735587
829146 55919
233455 888407
421523 53698
444428 984871
474482 455597
303935 264424
771951 490522
3 2
37674 92796
5681 615384
28083 124488
5 1
290942 91
26710 2863
29945 2639
26825 2867
278296 76
3 2
216599 20
26765 2105
25146 2174
8 5
22251 2655
252601 22
27365 2507
25745 2892
221005 89
23089 2082
23226 2624
26818 2989
7 3
3710 308888
3391 366835
10730 71
3171 345752
3727 382563
3624 349086
14189 3
2 1
16941 4
3480 362218
2 2
6003 984984
85813 68904
9 3
3168 332862
3164 388462
3285 340719
3197 355318
17253 17
3500 307367
14491 21
3449 352058
3491 324520
9 5
85932 391386
51084 658378
57276 587202
205128 163959
655836 51282
945054 35588
423243 79464
223944 150183
227106 148092
6 4
300699 19448
420024 13923
15873 368424
62049 94248
184212 31746
89096 65637
9 2
957572 88063
828039 101839
452943 186175
415163 203117
94980 887836
130608 645647
133122 633454
418559 201469
648512 130031
2 1
231026 67
21048 2109
7 4
15096 798399
237762 50692
112404 107226
388056 31059
244644 49266
255374 47196
74037 162792
8 5
552636 23374
684216 18879
70434 183396
13311 970424
211302 61132
327236 39474
25704 502541
794716 16254
10 4
318854 957615
248185 331882
734638 711470
829345 252042
988171 947021
579988 451607
756305 160069
507164 570996
669451 709762
312922 638240
7 5
27715 2818
241010 63
208138 61
24735 2078
21818 2544
28699 2132
24342 2870
5 1
207959 5
25918 2759
27287 2665
222755 28
23249 2099
9 4
89626 684292
143320 427926
425589 144107
179050 342532
120803 507689
451287 135901
125518 488618
553593 110786
141280 434105
6 3
673585 540555
573154 782668
841131 715198
208100 105503
40745 618286
229582 992086
8 4
577744 821242
665126 8976
140977 608225
375943 37797
238996 320695
511016 149771
657581 209223
966409 93082
7 2
685564 557904
695616 875197
530418 309244
876510 859276
545359 355915
999792 319911
51848 139260
10 3
22699 2214
25554 2071
268445 48
25974 2971
23093 2246
251584 6
22800 2724
264632 70
29176 2818
29325 2641
5 1
465404 196362
363554 251373
869423 105113
262376 348308
251373 363554
3 1
3299 350830
3996 395907
15160 99
2 2
526194 133644
95202 738668
10 3
3150 323935
14691 70
3403 360113
3849 315909
3054 370686
19964 38
3261 327288
3045 368491
15451 64
3249 364919
4 2
3783 398223
11381 68
3518 397644
3163 346907
2 1
3396 370829
10727 10
4 1
663076 69653
546028 84584
601198 76822
216586 213242
9 5
91700 106299
967587 979113
721365 787582
76976 412383
515158 406709
990893 943276
539504 27687
36908 352074
961746 821941
3 2
340186 255349
217484 399414
224742 386515
10 6
3070 355105
3571 385250
12784 46
10745 30
3016 373570
3670 385556
3571 325931
3896 341255
12623 11
3102 339768
2 1
445714 644437
117838 521867
6 3
17714 80
3179 309261
3238 318292
16785 61
3382 348516
3745 393885
2 1
809459 356356
98502 908837
6 2
939421 100831
107839 878372
443442 213608
121916 776951
502660 188443
732859 129251
5 3
3752 328655
3064 311813
3167 336174
12751 31
17112 39
4 3
309926 192232
988825 60251
156160 381517
464808 128177
